K11 = 1000.0;
K12 = 0.0;
K13 = 331.94942036735256;
K21 = 0.0;
K22 = 1000.0;
K23 = 255.53456192844098;
K31 = 0.0;
K32 = 0.0;
K33 = 1.0;

kc1 = -1.6957859852283426;
kc2 = 2.4257906320858535;
kc3 = 0.0;
kc4 = 0.0;

comments = 'leastsq result 7: xtol=0.000000 is too small, no further improvement in the approximate   solution is possible.';

