K11 = 1000.0;
K12 = 0.0;
K13 = 317.64022687190129;
K21 = 0.0;
K22 = 1000.0;
K23 = 253.60089300842131;
K31 = 0.0;
K32 = 0.0;
K33 = 1.0;

kc1 = -1.5773930368340232;
kc2 = 1.9308294843687406;
kc3 = 0.0;
kc4 = 0.0;

comments = 'leastsq result 7: xtol=0.000000 is too small, no further improvement in the approximate   solution is possible.';

