K11 = 1000.0;
K12 = 0.0;
K13 = 376.33474164499603;
K21 = 0.0;
K22 = 500.0;
K23 = 117.16999307874083;
K31 = 0.0;
K32 = 0.0;
K33 = 1.0;

kc1 = -1.0949966756204308;
kc2 = 1.2785517624198808;
kc3 = 0.0;
kc4 = 0.0;

comments = 'leastsq result 7: xtol=0.000000 is too small, no further improvement in the approximate   solution is possible.';

