K11 = 1000.0;
K12 = 0.0;
K13 = 324.71598020460021;
K21 = 0.0;
K22 = 1000.0;
K23 = 251.94156882441408;
K31 = 0.0;
K32 = 0.0;
K33 = 1.0;

kc1 = -1.5980186754551708;
kc2 = 2.0785278852038735;
kc3 = 0.0;
kc4 = 0.0;

comments = 'leastsq result 6: ftol=0.000000 is too small, no further reduction in the sum of squares   is possible.';

