K11 = 1000.0;
K12 = 0.0;
K13 = 324.46078785677207;
K21 = 0.0;
K22 = 1000.0;
K23 = 245.8989649198021;
K31 = 0.0;
K32 = 0.0;
K33 = 1.0;

kc1 = -1.6453238086116195;
kc2 = 2.3596787188910184;
kc3 = 0.0;
kc4 = 0.0;

comments = 'final err 898.3, leastsq result 7: xtol=0.000000 is too small, no further improvement in the approximate   solution is possible.';

