K11 = 1000.0;
K12 = 0.0;
K13 = 377.19874603622384;
K21 = 0.0;
K22 = 500.0;
K23 = 114.1308192392591;
K31 = 0.0;
K32 = 0.0;
K33 = 1.0;

kc1 = -1.0714816357344443;
kc2 = 1.1887872738210006;
kc3 = 0.0;
kc4 = 0.0;

comments = 'leastsq result 7: xtol=0.000000 is too small, no further improvement in the approximate   solution is possible.';

