K11 = 1000.0;
K12 = 0.0;
K13 = 321.16469753503111;
K21 = 0.0;
K22 = 1000.0;
K23 = 254.99035329705143;
K31 = 0.0;
K32 = 0.0;
K33 = 1.0;

kc1 = -1.5578225603537565;
kc2 = 1.8607646349066083;
kc3 = 0.0;
kc4 = 0.0;

comments = 'leastsq result 7: xtol=0.000000 is too small, no further improvement in the approximate   solution is possible.';

