K11 = 1180.7263910890653733
K12 = 0.0000000000000000
K13 = 327.5000000000000000
K21 = 0.0000000000000000
K22 = 1177.5911607067932891
K23 = 245.0000000000000000
K31 = 0.0000000000000000
K32 = 0.0000000000000000
K33 = 1.0000000000000000

kc1 = 0.4122839142333108
kc2 = 0.0000000000000000
kc3 = 0.0000000000000000
kc4 = 0.0000000000000000
