C1 = 351.492334 
C2 = 194.312826 
C3 = 1156.930668 

P11 = 0.000650 
P12 = 0.000017 
P13 = 0.219040 
P21 = 0.000048 
P22 = -0.000769 
P23 = 0.110731 
P31 = 0.000450 
P32 = 0.000052 
P33 = -1.072546 
