K11 = 1233.2932104179087673
K12 = 0.0000000000000000
K13 = 327.5000000000000000
K21 = 0.0000000000000000
K22 = 1226.0532847186377694
K23 = 245.0000000000000000
K31 = 0.0000000000000000
K32 = 0.0000000000000000
K33 = 1.0000000000000000

kc1 = -0.2840533323956245
kc2 = 0.0000000000000000
kc3 = 0.0000000000000000
kc4 = 0.0000000000000000
