C1 = 1750.756666 
C2 = 142.407799 
C3 = 907.546205 

P11 = -0.000396 
P12 = 0.000018 
P13 = -0.662321 
P21 = 0.000020 
P22 = 0.000721 
P23 = -0.222328 
P31 = 0.000611 
P32 = -0.000005 
P33 = -0.824175 
