K11 = 1189.9701686014689130
K12 = 0.0000000000000000
K13 = 327.5000000000000000
K21 = 0.0000000000000000
K22 = 1178.9784612495873262
K23 = 245.0000000000000000
K31 = 0.0000000000000000
K32 = 0.0000000000000000
K33 = 1.0000000000000000

kc1 = -0.2545012005678779
kc2 = 0.0000000000000000
kc3 = 0.0000000000000000
kc4 = 0.0000000000000000
