C1 = 995.006093 
C2 = 186.832921 
C3 = 1175.249138 

P11 = 0.000680 
P12 = 0.000001 
P13 = -0.612015 
P21 = -0.000014 
P22 = -0.000732 
P23 = 0.135675 
P31 = -0.000277 
P32 = 0.000038 
P33 = -0.838861 
